# Migration is number of nodes that have changed color.

Round		Edge-Cut		Swaps		Migrations		Skipped
0		8223		4004		3138
1		7319		6901		3128
2		6759		9330		3237
3		6217		11545		3252
4		5730		13430		3241
5		5275		15138		3240
6		5012		16633		3255
7		4699		17995		3279
8		4417		19132		3280
9		4189		20203		3269
10		3993		21153		3283
11		3818		22004		3293
12		3714		22745		3281
13		3562		23452		3268
14		3461		24138		3276
15		3317		24805		3281
16		3207		25435		3272
17		3098		25955		3291
18		3028		26425		3295
19		2956		26942		3309
20		2865		27416		3303
21		2802		27833		3307
22		2707		28196		3306
23		2699		28522		3311
24		2688		28904		3320
25		2632		29217		3335
26		2612		29526		3329
27		2554		29842		3325
28		2507		30113		3329
29		2471		30370		3323
30		2415		30612		3339
31		2395		30819		3340
32		2368		31059		3333
33		2359		31263		3344
34		2321		31444		3331
35		2305		31631		3331
36		2283		31804		3334
37		2258		31986		3337
38		2270		32160		3332
39		2255		32325		3331
40		2232		32445		3345
41		2218		32568		3344
42		2209		32695		3331
43		2188		32836		3329
44		2168		32957		3335
45		2159		33099		3335
46		2150		33245		3345
47		2128		33377		3342
48		2101		33489		3335
49		2092		33595		3340
50		2093		33737		3347
51		2068		33887		3349
52		2073		33997		3348
53		2045		34132		3348
54		2034		34241		3342
55		2028		34336		3336
56		2033		34452		3337
57		2029		34561		3343
58		2010		34684		3343
59		2002		34801		3348
60		2007		34917		3341
61		1976		35019		3349
62		1958		35101		3353
63		1951		35174		3354
64		1937		35259		3347
65		1934		35319		3352
66		1923		35372		3363
67		1922		35407		3357
68		1909		35461		3359
69		1904		35512		3354
70		1896		35554		3354
71		1897		35602		3352
72		1882		35643		3353
73		1878		35689		3357
74		1869		35717		3358
75		1869		35745		3358
76		1870		35776		3363
77		1871		35808		3362
78		1868		35846		3366
79		1875		35878		3367
80		1860		35916		3359
81		1864		35961		3362
82		1863		35988		3362
83		1854		36012		3359
84		1848		36033		3358
85		1846		36057		3363
86		1848		36091		3359
87		1847		36119		3357
88		1847		36136		3360
89		1845		36154		3364
90		1847		36178		3359
91		1846		36212		3358
92		1845		36231		3352
93		1847		36261		3350
94		1845		36285		3352
95		1852		36316		3355
96		1851		36356		3351
97		1842		36394		3350
98		1831		36419		3355
99		1831		36450		3357
100		1826		36481		3359
101		1826		36510		3353
102		1824		36533		3359
103		1820		36549		3355
104		1821		36569		3358
105		1814		36589		3357
106		1819		36603		3358
107		1826		36629		3362
108		1820		36656		3360
109		1818		36678		3359
110		1821		36696		3358
111		1814		36711		3360
112		1813		36722		3358
113		1810		36736		3358
114		1808		36751		3358
115		1801		36769		3361
116		1798		36782		3360
117		1799		36787		3359
118		1802		36804		3358
119		1799		36816		3359
120		1797		36828		3363
121		1799		36844		3359
122		1794		36866		3357
123		1792		36877		3361
124		1791		36887		3361
125		1792		36894		3360
126		1789		36900		3359
127		1790		36907		3360
128		1784		36916		3360
129		1786		36924		3362
130		1789		36933		3366
131		1792		36949		3365
132		1782		36963		3362
133		1782		36968		3363
134		1780		36969		3364
135		1780		36971		3364
136		1780		36973		3364
137		1780		36973		3364
138		1780		36974		3364
139		1780		36977		3364
140		1780		36978		3364
141		1781		36979		3364
142		1782		36981		3364
143		1776		36985		3361
144		1776		36985		3361
145		1776		36988		3363
146		1776		36989		3361
147		1776		36991		3361
148		1776		36992		3363
149		1776		36996		3361
150		1777		36997		3361
151		1779		36999		3362
152		1779		37002		3360
153		1780		37011		3360
154		1780		37019		3361
155		1781		37023		3362
156		1779		37027		3362
157		1783		37037		3361
158		1783		37043		3362
159		1779		37051		3364
160		1779		37061		3362
161		1779		37068		3360
162		1780		37073		3363
163		1781		37077		3362
164		1779		37082		3363
165		1779		37086		3362
166		1779		37090		3363
167		1779		37094		3363
168		1779		37097		3362
169		1776		37099		3362
170		1777		37106		3363
171		1776		37115		3363
172		1775		37121		3362
173		1776		37124		3362
174		1783		37145		3362
175		1788		37154		3365
176		1791		37168		3367
177		1784		37181		3366
178		1781		37200		3364
179		1780		37216		3368
180		1777		37229		3365
181		1771		37242		3363
182		1769		37249		3366
183		1768		37253		3366
184		1769		37258		3367
185		1770		37261		3367
186		1771		37266		3366
187		1773		37270		3362
188		1773		37287		3365
189		1771		37293		3367
190		1772		37298		3365
191		1771		37307		3365
192		1772		37316		3364
193		1771		37325		3362
194		1774		37350		3361
195		1774		37355		3360
196		1774		37367		3362
197		1777		37387		3360
198		1775		37402		3359
199		1768		37419		3362
200		1767		37429		3362
201		1769		37445		3358
202		1770		37452		3360
203		1775		37476		3358
204		1773		37488		3358
205		1772		37497		3358
206		1766		37508		3363
207		1770		37517		3359
208		1765		37521		3359
209		1770		37532		3358
210		1764		37542		3359
211		1764		37546		3360
212		1763		37563		3359
213		1764		37569		3359
214		1763		37573		3355
215		1766		37590		3357
216		1765		37599		3362
217		1760		37602		3357
218		1758		37607		3354
219		1759		37612		3357
220		1761		37616		3356
221		1762		37620		3356
222		1762		37622		3356
223		1762		37623		3358
224		1762		37624		3356
225		1762		37626		3357
226		1763		37628		3358
227		1759		37634		3355
228		1760		37636		3356
229		1759		37637		3355
230		1759		37644		3356
231		1759		37646		3356
232		1758		37649		3354
233		1760		37651		3355
234		1759		37654		3354
235		1758		37659		3354
236		1759		37662		3355
237		1760		37668		3356
238		1759		37676		3355
239		1760		37682		3356
240		1763		37684		3354
241		1764		37691		3354
242		1763		37696		3355
243		1762		37704		3356
244		1763		37717		3353
245		1760		37721		3352
246		1763		37727		3351
247		1760		37735		3353
248		1766		37752		3354
249		1763		37763		3353
250		1764		37770		3356
251		1766		37784		3355
252		1766		37796		3356
253		1767		37803		3357
254		1767		37816		3357
255		1772		37827		3354
256		1767		37853		3359
257		1763		37866		3361
258		1764		37872		3364
259		1762		37881		3360
260		1762		37896		3363
261		1764		37909		3361
262		1762		37922		3361
263		1758		37936		3364
264		1746		37952		3363
265		1749		37968		3366
266		1748		37975		3368
267		1748		37983		3366
268		1746		37997		3366
269		1748		38010		3364
270		1754		38030		3364
271		1751		38048		3364
272		1748		38066		3364
273		1747		38075		3365
274		1746		38083		3367
275		1747		38091		3366
276		1746		38101		3366
277		1746		38112		3364
278		1745		38128		3369
279		1745		38139		3368
280		1742		38150		3367
281		1738		38159		3366
282		1739		38167		3367
283		1740		38171		3368
284		1741		38176		3369
285		1737		38186		3367
286		1738		38191		3367
287		1739		38198		3368
288		1739		38203		3367
289		1734		38210		3368
290		1732		38212		3367
291		1731		38218		3366
292		1732		38222		3367
293		1730		38230		3367
294		1730		38236		3366
295		1731		38237		3367
296		1729		38238		3368
297		1729		38238		3368
298		1729		38238		3368
299		1729		38238		3368
300		1727		38239		3368
301		1727		38239		3368
302		1727		38239		3368
303		1727		38239		3368
304		1727		38239		3368
305		1727		38239		3368
306		1727		38239		3368
307		1727		38239		3368
308		1727		38239		3368
309		1727		38239		3368
310		1727		38239		3368
311		1727		38239		3368
312		1727		38239		3368
313		1727		38239		3368
314		1727		38239		3368
315		1727		38239		3368
316		1727		38239		3368
317		1727		38239		3368
318		1727		38239		3368
319		1727		38239		3368
320		1727		38239		3368
321		1727		38239		3368
322		1727		38239		3368
323		1727		38239		3368
324		1727		38239		3368
325		1727		38239		3368
326		1727		38239		3368
327		1727		38239		3368
328		1727		38239		3368
329		1727		38239		3368
330		1727		38239		3368
331		1727		38239		3368
332		1727		38239		3368
333		1727		38239		3368
334		1727		38239		3368
335		1727		38239		3368
336		1727		38239		3368
337		1727		38239		3368
338		1727		38239		3368
339		1727		38239		3368
340		1727		38239		3368
341		1727		38239		3368
342		1727		38239		3368
343		1727		38239		3368
344		1727		38239		3368
345		1727		38239		3368
346		1727		38239		3368
347		1727		38239		3368
348		1727		38239		3368
349		1727		38239		3368
350		1727		38239		3368
351		1727		38239		3368
352		1727		38239		3368
353		1727		38239		3368
354		1727		38239		3368
355		1727		38239		3368
356		1727		38239		3368
357		1727		38239		3368
358		1727		38239		3368
359		1727		38239		3368
360		1727		38239		3368
361		1727		38239		3368
362		1727		38239		3368
363		1727		38239		3368
364		1727		38239		3368
365		1727		38239		3368
366		1727		38239		3368
367		1727		38239		3368
368		1727		38239		3368
369		1727		38239		3368
370		1727		38239		3368
371		1727		38239		3368
372		1727		38239		3368
373		1727		38239		3368
374		1727		38239		3368
375		1727		38239		3368
376		1727		38239		3368
377		1727		38239		3368
378		1727		38239		3368
379		1727		38239		3368
380		1727		38239		3368
381		1727		38239		3368
382		1727		38239		3368
383		1727		38239		3368
384		1727		38239		3368
385		1727		38239		3368
386		1727		38239		3368
387		1727		38239		3368
388		1727		38239		3368
389		1727		38239		3368
390		1727		38239		3368
391		1727		38239		3368
392		1727		38239		3368
393		1727		38239		3368
394		1727		38239		3368
395		1727		38239		3368
396		1727		38239		3368
397		1727		38239		3368
398		1727		38239		3368
399		1727		38239		3368
400		1727		38239		3368
401		1727		38239		3368
402		1727		38239		3368
403		1727		38239		3368
404		1727		38239		3368
405		1727		38239		3368
406		1727		38239		3368
407		1727		38239		3368
408		1727		38239		3368
409		1727		38239		3368
410		1727		38239		3368
411		1727		38239		3368
412		1727		38239		3368
413		1727		38239		3368
414		1727		38239		3368
415		1727		38239		3368
416		1727		38239		3368
417		1727		38239		3368
418		1727		38239		3368
419		1727		38239		3368
420		1727		38239		3368
421		1727		38239		3368
422		1727		38239		3368
423		1727		38239		3368
424		1727		38239		3368
425		1727		38239		3368
426		1727		38239		3368
427		1727		38239		3368
428		1727		38239		3368
429		1727		38239		3368
430		1727		38239		3368
431		1727		38239		3368
432		1727		38239		3368
433		1727		38239		3368
434		1727		38239		3368
435		1727		38239		3368
436		1727		38239		3368
437		1727		38239		3368
438		1727		38239		3368
439		1727		38239		3368
440		1727		38239		3368
441		1727		38239		3368
442		1727		38239		3368
443		1727		38239		3368
444		1727		38239		3368
445		1727		38239		3368
446		1727		38239		3368
447		1727		38239		3368
448		1727		38239		3368
449		1727		38239		3368
450		1727		38239		3368
451		1727		38239		3368
452		1727		38239		3368
453		1727		38239		3368
454		1727		38239		3368
455		1727		38239		3368
456		1727		38239		3368
457		1727		38239		3368
458		1727		38239		3368
459		1727		38239		3368
460		1727		38239		3368
461		1727		38239		3368
462		1727		38239		3368
463		1727		38239		3368
464		1727		38239		3368
465		1727		38239		3368
466		1727		38239		3368
467		1727		38239		3368
468		1727		38239		3368
469		1727		38239		3368
470		1727		38239		3368
471		1727		38239		3368
472		1727		38239		3368
473		1727		38239		3368
474		1727		38239		3368
475		1727		38239		3368
476		1727		38239		3368
477		1727		38239		3368
478		1727		38239		3368
479		1727		38239		3368
480		1727		38239		3368
481		1727		38239		3368
482		1727		38239		3368
483		1727		38239		3368
484		1727		38239		3368
485		1727		38239		3368
486		1727		38239		3368
487		1727		38239		3368
488		1727		38239		3368
489		1727		38239		3368
490		1727		38239		3368
491		1727		38239		3368
492		1727		38239		3368
493		1727		38239		3368
494		1727		38239		3368
495		1727		38239		3368
496		1727		38239		3368
497		1727		38239		3368
498		1727		38239		3368
499		1727		38239		3368
500		1727		38239		3368
501		1727		38239		3368
502		1727		38239		3368
503		1727		38239		3368
504		1727		38239		3368
505		1727		38239		3368
506		1727		38239		3368
507		1727		38239		3368
508		1727		38239		3368
509		1727		38239		3368
510		1727		38239		3368
511		1727		38239		3368
512		1727		38239		3368
513		1727		38239		3368
514		1727		38239		3368
515		1727		38239		3368
516		1727		38239		3368
517		1727		38239		3368
518		1727		38239		3368
519		1727		38239		3368
520		1727		38239		3368
521		1727		38239		3368
522		1727		38239		3368
523		1727		38239		3368
524		1727		38239		3368
525		1727		38239		3368
526		1727		38239		3368
527		1727		38239		3368
528		1727		38239		3368
529		1727		38239		3368
530		1727		38239		3368
531		1727		38239		3368
532		1727		38239		3368
533		1727		38239		3368
534		1727		38239		3368
535		1727		38239		3368
536		1727		38239		3368
537		1727		38239		3368
538		1727		38239		3368
539		1727		38239		3368
540		1727		38239		3368
541		1727		38239		3368
542		1727		38239		3368
543		1727		38239		3368
544		1727		38239		3368
545		1727		38239		3368
546		1727		38239		3368
547		1727		38239		3368
548		1727		38239		3368
549		1727		38239		3368
550		1727		38239		3368
551		1727		38239		3368
552		1727		38239		3368
553		1727		38239		3368
554		1727		38239		3368
555		1727		38239		3368
556		1727		38239		3368
557		1727		38239		3368
558		1727		38239		3368
559		1727		38239		3368
560		1727		38239		3368
561		1727		38239		3368
562		1727		38239		3368
563		1727		38239		3368
564		1727		38239		3368
565		1727		38239		3368
566		1727		38239		3368
567		1727		38239		3368
568		1727		38239		3368
569		1727		38239		3368
570		1727		38239		3368
571		1727		38239		3368
572		1727		38239		3368
573		1727		38239		3368
574		1727		38239		3368
575		1727		38239		3368
576		1727		38239		3368
577		1727		38239		3368
578		1727		38239		3368
579		1727		38239		3368
580		1727		38239		3368
581		1727		38239		3368
582		1727		38239		3368
583		1727		38239		3368
584		1727		38239		3368
585		1727		38239		3368
586		1727		38239		3368
587		1727		38239		3368
588		1727		38239		3368
589		1727		38239		3368
590		1727		38239		3368
591		1727		38239		3368
592		1727		38239		3368
593		1727		38239		3368
594		1727		38239		3368
595		1727		38239		3368
596		1727		38239		3368
597		1727		38239		3368
598		1727		38239		3368
599		1727		38239		3368
600		1727		38239		3368
601		1727		38239		3368
602		1727		38239		3368
603		1727		38239		3368
604		1727		38239		3368
605		1727		38239		3368
606		1727		38239		3368
607		1727		38239		3368
608		1727		38239		3368
609		1727		38239		3368
610		1727		38239		3368
611		1727		38239		3368
612		1727		38239		3368
613		1727		38239		3368
614		1727		38239		3368
615		1727		38239		3368
616		1727		38239		3368
617		1727		38239		3368
618		1727		38239		3368
619		1727		38239		3368
620		1727		38239		3368
621		1727		38239		3368
622		1727		38239		3368
623		1727		38239		3368
624		1727		38239		3368
625		1727		38239		3368
626		1727		38239		3368
627		1727		38239		3368
628		1727		38239		3368
629		1727		38239		3368
630		1727		38239		3368
631		1727		38239		3368
632		1727		38239		3368
633		1727		38239		3368
634		1727		38239		3368
635		1727		38239		3368
636		1727		38239		3368
637		1727		38239		3368
638		1727		38239		3368
639		1727		38239		3368
640		1727		38239		3368
641		1727		38239		3368
642		1727		38239		3368
643		1727		38239		3368
644		1727		38239		3368
645		1727		38239		3368
646		1727		38239		3368
647		1727		38239		3368
648		1727		38239		3368
649		1727		38239		3368
650		1727		38239		3368
651		1727		38239		3368
652		1727		38239		3368
653		1727		38239		3368
654		1727		38239		3368
655		1727		38239		3368
656		1727		38239		3368
657		1727		38239		3368
658		1727		38239		3368
659		1727		38239		3368
660		1727		38239		3368
661		1727		38239		3368
662		1727		38239		3368
663		1727		38239		3368
664		1727		38239		3368
665		1727		38239		3368
666		1727		38239		3368
667		1727		38239		3368
668		1727		38239		3368
669		1727		38239		3368
670		1727		38239		3368
671		1727		38239		3368
672		1727		38239		3368
673		1727		38239		3368
674		1727		38239		3368
675		1727		38239		3368
676		1727		38239		3368
677		1727		38239		3368
678		1727		38239		3368
679		1727		38239		3368
680		1727		38239		3368
681		1727		38239		3368
682		1727		38239		3368
683		1727		38239		3368
684		1727		38239		3368
685		1727		38239		3368
686		1727		38239		3368
687		1727		38239		3368
688		1727		38239		3368
689		1727		38239		3368
690		1727		38239		3368
691		1727		38239		3368
692		1727		38239		3368
693		1727		38239		3368
694		1727		38239		3368
695		1727		38239		3368
696		1727		38239		3368
697		1727		38239		3368
698		1727		38239		3368
699		1727		38239		3368
700		1727		38239		3368
701		1727		38239		3368
702		1727		38239		3368
703		1727		38239		3368
704		1727		38239		3368
705		1727		38239		3368
706		1727		38239		3368
707		1727		38239		3368
708		1727		38239		3368
709		1727		38239		3368
710		1727		38239		3368
711		1727		38239		3368
712		1727		38239		3368
713		1727		38239		3368
714		1727		38239		3368
715		1727		38239		3368
716		1727		38239		3368
717		1727		38239		3368
718		1727		38239		3368
719		1727		38239		3368
720		1727		38239		3368
721		1727		38239		3368
722		1727		38239		3368
723		1727		38239		3368
724		1727		38239		3368
725		1727		38239		3368
726		1727		38239		3368
727		1727		38239		3368
728		1727		38239		3368
729		1727		38239		3368
730		1727		38239		3368
731		1727		38239		3368
732		1727		38239		3368
733		1727		38239		3368
734		1727		38239		3368
735		1727		38239		3368
736		1727		38239		3368
737		1727		38239		3368
738		1727		38239		3368
739		1727		38239		3368
740		1727		38239		3368
741		1727		38239		3368
742		1727		38239		3368
743		1727		38239		3368
744		1727		38239		3368
745		1727		38239		3368
746		1727		38239		3368
747		1727		38239		3368
748		1727		38239		3368
749		1727		38239		3368
750		1727		38239		3368
751		1727		38239		3368
752		1727		38239		3368
753		1727		38239		3368
754		1727		38239		3368
755		1727		38239		3368
756		1727		38239		3368
757		1727		38239		3368
758		1727		38239		3368
759		1727		38239		3368
760		1727		38239		3368
761		1727		38239		3368
762		1727		38239		3368
763		1727		38239		3368
764		1727		38239		3368
765		1727		38239		3368
766		1727		38239		3368
767		1727		38239		3368
768		1727		38239		3368
769		1727		38239		3368
770		1727		38239		3368
771		1727		38239		3368
772		1727		38239		3368
773		1727		38239		3368
774		1727		38239		3368
775		1727		38239		3368
776		1727		38239		3368
777		1727		38239		3368
778		1727		38239		3368
779		1727		38239		3368
780		1727		38239		3368
781		1727		38239		3368
782		1727		38239		3368
783		1727		38239		3368
784		1727		38239		3368
785		1727		38239		3368
786		1727		38239		3368
787		1727		38239		3368
788		1727		38239		3368
789		1727		38239		3368
790		1727		38239		3368
791		1727		38239		3368
792		1727		38239		3368
793		1727		38239		3368
794		1727		38239		3368
795		1727		38239		3368
796		1727		38239		3368
797		1727		38239		3368
798		1727		38239		3368
799		1727		38239		3368
800		1727		38239		3368
801		1727		38239		3368
802		1727		38239		3368
803		1727		38239		3368
804		1727		38239		3368
805		1727		38239		3368
806		1727		38239		3368
807		1727		38239		3368
808		1727		38239		3368
809		1727		38239		3368
810		1727		38239		3368
811		1727		38239		3368
812		1727		38239		3368
813		1727		38239		3368
814		1727		38239		3368
815		1727		38239		3368
816		1727		38239		3368
817		1727		38239		3368
818		1727		38239		3368
819		1727		38239		3368
820		1727		38239		3368
821		1727		38239		3368
822		1727		38239		3368
823		1727		38239		3368
824		1727		38239		3368
825		1727		38239		3368
826		1727		38239		3368
827		1727		38239		3368
828		1727		38239		3368
829		1727		38239		3368
830		1727		38239		3368
831		1727		38239		3368
832		1727		38239		3368
833		1727		38239		3368
834		1727		38239		3368
835		1727		38239		3368
836		1727		38239		3368
837		1727		38239		3368
838		1727		38239		3368
839		1727		38239		3368
840		1727		38239		3368
841		1727		38239		3368
842		1727		38239		3368
843		1727		38239		3368
844		1727		38239		3368
845		1727		38239		3368
846		1727		38239		3368
847		1727		38239		3368
848		1727		38239		3368
849		1727		38239		3368
850		1727		38239		3368
851		1727		38239		3368
852		1727		38239		3368
853		1727		38239		3368
854		1727		38239		3368
855		1727		38239		3368
856		1727		38239		3368
857		1727		38239		3368
858		1727		38239		3368
859		1727		38239		3368
860		1727		38239		3368
861		1727		38239		3368
862		1727		38239		3368
863		1727		38239		3368
864		1727		38239		3368
865		1727		38239		3368
866		1727		38239		3368
867		1727		38239		3368
868		1727		38239		3368
869		1727		38239		3368
870		1727		38239		3368
871		1727		38239		3368
872		1727		38239		3368
873		1727		38239		3368
874		1727		38239		3368
875		1727		38239		3368
876		1727		38239		3368
877		1727		38239		3368
878		1727		38239		3368
879		1727		38239		3368
880		1727		38239		3368
881		1727		38239		3368
882		1727		38239		3368
883		1727		38239		3368
884		1727		38239		3368
885		1727		38239		3368
886		1727		38239		3368
887		1727		38239		3368
888		1727		38239		3368
889		1727		38239		3368
890		1727		38239		3368
891		1727		38239		3368
892		1727		38239		3368
893		1727		38239		3368
894		1727		38239		3368
895		1727		38239		3368
896		1727		38239		3368
897		1727		38239		3368
898		1727		38239		3368
899		1727		38239		3368
900		1727		38239		3368
901		1727		38239		3368
902		1727		38239		3368
903		1727		38239		3368
904		1727		38239		3368
905		1727		38239		3368
906		1727		38239		3368
907		1727		38239		3368
908		1727		38239		3368
909		1727		38239		3368
910		1727		38239		3368
911		1727		38239		3368
912		1727		38239		3368
913		1727		38239		3368
914		1727		38239		3368
915		1727		38239		3368
916		1727		38239		3368
917		1727		38239		3368
918		1727		38239		3368
919		1727		38239		3368
920		1727		38239		3368
921		1727		38239		3368
922		1727		38239		3368
923		1727		38239		3368
924		1727		38239		3368
925		1727		38239		3368
926		1727		38239		3368
927		1727		38239		3368
928		1727		38239		3368
929		1727		38239		3368
930		1727		38239		3368
931		1727		38239		3368
932		1727		38239		3368
933		1727		38239		3368
934		1727		38239		3368
935		1727		38239		3368
936		1727		38239		3368
937		1727		38239		3368
938		1727		38239		3368
939		1727		38239		3368
940		1727		38239		3368
941		1727		38239		3368
942		1727		38239		3368
943		1727		38239		3368
944		1727		38239		3368
945		1727		38239		3368
946		1727		38239		3368
947		1727		38239		3368
948		1727		38239		3368
949		1727		38239		3368
950		1727		38239		3368
951		1727		38239		3368
952		1727		38239		3368
953		1727		38239		3368
954		1727		38239		3368
955		1727		38239		3368
956		1727		38239		3368
957		1727		38239		3368
958		1727		38239		3368
959		1727		38239		3368
960		1727		38239		3368
961		1727		38239		3368
962		1727		38239		3368
963		1727		38239		3368
964		1727		38239		3368
965		1727		38239		3368
966		1727		38239		3368
967		1727		38239		3368
968		1727		38239		3368
969		1727		38239		3368
970		1727		38239		3368
971		1727		38239		3368
972		1727		38239		3368
973		1727		38239		3368
974		1727		38239		3368
975		1727		38239		3368
976		1727		38239		3368
977		1727		38239		3368
978		1727		38239		3368
979		1727		38239		3368
980		1727		38239		3368
981		1727		38239		3368
982		1727		38239		3368
983		1727		38239		3368
984		1727		38239		3368
985		1727		38239		3368
986		1727		38239		3368
987		1727		38239		3368
988		1727		38239		3368
989		1727		38239		3368
990		1727		38239		3368
991		1727		38239		3368
992		1727		38239		3368
993		1727		38239		3368
994		1727		38239		3368
995		1727		38239		3368
996		1727		38239		3368
997		1727		38239		3368
998		1727		38239		3368
999		1727		38239		3368
